<?xml version="1.0"?>
<opencv_storage>
<calibration_Time>"Wed Jan 14 22:14:32 2015"</calibration_Time>
<nrOfFrames>7</nrOfFrames>
<image_Width>1280</image_Width>
<image_Height>720</image_Height>
<board_Width>4</board_Width>
<board_Height>11</board_Height>
<square_Size>25.</square_Size>
<FixAspectRatio>1.</FixAspectRatio>
<!-- flags:  +fix_aspectRatio +fix_principal_point +zero_tangent_dist -->
<flagValue>14</flagValue>
<Camera_Matrix type_id="opencv-matrix">
  <rows>3</rows>
  <cols>3</cols>
  <dt>d</dt>
  <data>
    3.1850666667479754e+03 0. 6.3950000000000000e+02 0.
    3.1850666667479754e+03 3.5950000000000000e+02 0. 0. 1.</data></Camera_Matrix>
<Distortion_Coefficients type_id="opencv-matrix">
  <rows>5</rows>
  <cols>1</cols>
  <dt>d</dt>
  <data>
    -8.2569301507573805e+00 1.2378066857399442e+03 0. 0.
    -4.7656686740249294e+04</data></Distortion_Coefficients>
<Avg_Reprojection_Error>1.8701853326018922e+00</Avg_Reprojection_Error>
<Per_View_Reprojection_Errors type_id="opencv-matrix">
  <rows>7</rows>
  <cols>1</cols>
  <dt>f</dt>
  <data>
    1.85003090e+00 1.85935068e+00 1.82371187e+00 1.86727500e+00
    1.96438324e+00 1.89546263e+00 1.82732928e+00</data></Per_View_Reprojection_Errors>
<!-- a set of 6-tuples (rotation vector + translation vector) for each view -->
<Extrinsic_Parameters type_id="opencv-matrix">
  <rows>7</rows>
  <cols>6</cols>
  <dt>d</dt>
  <data>
    -3.4948821603035106e-02 2.8088383969261449e-01
    1.6610822848036513e+00 1.9751479582290287e+02
    -1.3148072971305211e+02 2.1420508201327857e+03
    -4.2338480173246450e-02 2.9179853075004369e-01
    1.6620734846583600e+00 1.9886144382959191e+02
    -1.3209465430921298e+02 2.1419009268957097e+03
    -3.2167798100861678e-02 2.8885780837472835e-01
    1.6623466139174949e+00 1.9970844445195127e+02
    -1.3296429093422864e+02 2.1536317877435545e+03
    -3.2077320230175274e-02 2.8306325909850283e-01
    1.6621023662707950e+00 1.9989743622258945e+02
    -1.3119823929155692e+02 2.1376757485137064e+03
    -4.6385735606253232e-02 2.9275018165035510e-01
    1.6592826852338427e+00 2.0011405320861999e+02
    -1.2975036601187841e+02 2.1279136080978660e+03
    -4.2771467762675118e-02 2.9452810404911495e-01
    1.6610771743735022e+00 1.9882675023613152e+02
    -1.3048820968655735e+02 2.1386565846271073e+03
    -2.7247664754158865e-02 2.8639894600384064e-01
    1.6626767001948037e+00 1.9773576717246669e+02
    -1.3087629858188086e+02 2.1439951432280450e+03</data></Extrinsic_Parameters>
<Image_points type_id="opencv-matrix">
  <rows>7</rows>
  <cols>44</cols>
  <dt>"2f"</dt>
  <data>
    9.32756104e+02 1.65911423e+02 9.26207886e+02 2.37435547e+02
    9.16082458e+02 3.10830139e+02 9.04508057e+02 3.79538147e+02
    8.91538940e+02 1.97648041e+02 8.84054749e+02 2.71587708e+02
    8.74628845e+02 3.43698639e+02 8.64326965e+02 4.11229797e+02
    8.56968994e+02 1.61096207e+02 8.50149536e+02 2.31036331e+02
    8.42508545e+02 3.05069794e+02 8.33799133e+02 3.75922974e+02
    8.16261780e+02 1.92408249e+02 8.09070190e+02 2.64776917e+02
    8.01790833e+02 3.38116730e+02 7.93900146e+02 4.07521790e+02
    7.83264893e+02 1.56557053e+02 7.75448792e+02 2.25018600e+02
    7.68312134e+02 2.98356628e+02 7.61317017e+02 3.70470398e+02
    7.42637451e+02 1.87369690e+02 7.34801636e+02 2.58211700e+02
    7.28021973e+02 3.31498138e+02 7.21606812e+02 4.02333862e+02
    7.11118774e+02 1.51984512e+02 7.02272705e+02 2.19496429e+02
    6.94583984e+02 2.91486725e+02 6.88249695e+02 3.64123199e+02
    6.70983032e+02 1.82525177e+02 6.62236389e+02 2.52058884e+02
    6.55104370e+02 3.24579559e+02 6.49363525e+02 3.96246338e+02
    6.41054077e+02 1.47783432e+02 6.31001526e+02 2.14250198e+02
    6.22673279e+02 2.84980347e+02 6.16148254e+02 3.57246307e+02
    6.01091919e+02 1.78070435e+02 5.91416504e+02 2.46399292e+02
    5.83672974e+02 3.17765137e+02 5.77852356e+02 3.89303650e+02
    5.72516418e+02 1.43863846e+02 5.61594177e+02 2.09352997e+02
    5.52668884e+02 2.78998749e+02 5.45423828e+02 3.50202667e+02
    9.34517395e+02 1.65044846e+02 9.28180237e+02 2.36183258e+02
    9.17750366e+02 3.09437958e+02 9.05946472e+02 3.78223602e+02
    8.93407532e+02 1.96512054e+02 8.85950012e+02 2.70171478e+02
    8.76288086e+02 3.42316650e+02 8.65586609e+02 4.09975281e+02
    8.58891418e+02 1.60348022e+02 8.52094116e+02 2.29656265e+02
    8.44368774e+02 3.03631073e+02 8.35322571e+02 3.74558716e+02
    8.18265381e+02 1.91309143e+02 8.11117554e+02 2.63321259e+02
    8.03481506e+02 3.36629608e+02 7.95329224e+02 4.06164703e+02
    7.85197754e+02 1.55712830e+02 7.77339905e+02 2.23645676e+02
    7.70281494e+02 2.96796875e+02 7.63032532e+02 3.68988312e+02
    7.44621765e+02 1.86222198e+02 7.36691223e+02 2.56701324e+02
    7.29786987e+02 3.29989990e+02 7.23122681e+02 4.00888550e+02
    7.13134399e+02 1.51181442e+02 7.04244080e+02 2.18148239e+02
    6.96409668e+02 2.89913025e+02 6.89846680e+02 3.62542908e+02
    6.73099182e+02 1.81361969e+02 6.64114197e+02 2.50573624e+02
    6.56746033e+02 3.22952087e+02 6.50773499e+02 3.94779602e+02
    6.43142090e+02 1.46997650e+02 6.33040283e+02 2.12993912e+02
    6.24393066e+02 2.83405518e+02 6.17605225e+02 3.55654510e+02
    6.03114258e+02 1.76995316e+02 5.93202576e+02 2.44961700e+02
    5.85149231e+02 3.16137970e+02 5.79093140e+02 3.87791046e+02
    5.74628540e+02 1.42975357e+02 5.63517944e+02 2.08111633e+02
    5.54301331e+02 2.77390991e+02 5.46751221e+02 3.48625244e+02
    9.34253723e+02 1.64676941e+02 9.27765015e+02 2.35655380e+02
    9.17616699e+02 3.08738037e+02 9.06231201e+02 3.77397644e+02
    8.93216553e+02 1.96140778e+02 8.85771057e+02 2.69555267e+02
    8.76315491e+02 3.41597534e+02 8.66148743e+02 4.09024445e+02
    8.58958740e+02 1.60070801e+02 8.51920105e+02 2.29265305e+02
    8.44342957e+02 3.02980560e+02 8.35620300e+02 3.73713959e+02
    8.18392517e+02 1.91027191e+02 8.11084167e+02 2.62784637e+02
    8.03738464e+02 3.35809082e+02 7.95866943e+02 4.05134094e+02
    7.85611389e+02 1.55520859e+02 7.77701050e+02 2.23262329e+02
    7.70590515e+02 2.96130096e+02 7.63452148e+02 3.68032196e+02
    7.45228699e+02 1.86018372e+02 7.37313232e+02 2.56172150e+02
    7.30395935e+02 3.29090332e+02 7.23918213e+02 3.99778778e+02
    7.14068237e+02 1.51016159e+02 7.05079407e+02 2.17877579e+02
    6.97218079e+02 2.89209442e+02 6.90799316e+02 3.61527405e+02
    6.74281433e+02 1.81253189e+02 6.65291748e+02 2.50117096e+02
    6.57920715e+02 3.22089447e+02 6.52058105e+02 3.93500610e+02
    6.44614929e+02 1.46899551e+02 6.34538086e+02 2.12752609e+02
    6.25911377e+02 2.82764679e+02 6.19182556e+02 3.54476562e+02
    6.04879150e+02 1.76904663e+02 5.95130127e+02 2.44563919e+02
    5.87113892e+02 3.15269043e+02 5.80992493e+02 3.86377533e+02
    5.76748352e+02 1.43143768e+02 5.65721497e+02 2.07936249e+02
    5.56584412e+02 2.76792297e+02 5.49093079e+02 3.47472809e+02
    9.36784363e+02 1.66010971e+02 9.30302795e+02 2.37606201e+02
    9.19948730e+02 3.11131561e+02 9.08102844e+02 3.79756348e+02
    8.95621338e+02 1.97711655e+02 8.88005127e+02 2.71739685e+02
    8.78358032e+02 3.44039368e+02 8.67791504e+02 4.11561462e+02
    8.60897461e+02 1.61140793e+02 8.54095337e+02 2.31126740e+02
    8.46355957e+02 3.05294189e+02 8.37440369e+02 3.76210388e+02
    8.20207031e+02 1.92376663e+02 8.12947693e+02 2.64913849e+02
    8.05498779e+02 3.38412079e+02 7.97343628e+02 4.07894348e+02
    7.87113159e+02 1.56500778e+02 7.79312317e+02 2.24963837e+02
    7.72189270e+02 2.98509674e+02 7.65001709e+02 3.70787506e+02
    7.46451050e+02 1.87267242e+02 7.38599609e+02 2.58142212e+02
    7.31636719e+02 3.31719086e+02 7.25077454e+02 4.02765900e+02
    7.14851440e+02 1.51795609e+02 7.05963806e+02 2.19419922e+02
    6.98237305e+02 2.91590240e+02 6.91741028e+02 3.64420593e+02
    6.74700317e+02 1.82335373e+02 6.65849487e+02 2.52042099e+02
    6.58562561e+02 3.24719879e+02 6.52703735e+02 3.96691437e+02
    6.44661743e+02 1.47486420e+02 6.34663208e+02 2.14077942e+02
    6.26085693e+02 2.84982117e+02 6.19419678e+02 3.57541595e+02
